              disk0       cpu    load average
    KB/t  tps  MB/s  us sy id   1m   5m   15m
   39.61   28  1.07  11  7 83  4.04 3.79 3.63
   12.85 1538 19.30  20 19 60  4.04 3.79 3.63
   10.28 1600 16.06  21 17 62  4.04 3.79 3.63
   22.85  667 14.87  17 26 56  4.04 3.79 3.63
   15.83  138  2.14  16  8 76  3.88 3.76 3.62
              disk0       cpu    load average
    KB/t  tps  MB/s  us sy id   1m   5m   15m
   39.62   28  1.07  11  7 83  3.33 4.48 4.07
   26.12  214  5.46  11  6 83  3.33 4.48 4.07
   70.91   11  0.76  11  5 84  3.33 4.48 4.07
  152.53   15  2.22  14  7 79  3.33 4.48 4.07
  224.90   89 19.48  21 12 66  3.33 4.48 4.07
              disk0       cpu    load average
    KB/t  tps  MB/s  us sy id   1m   5m   15m
   39.63   28  1.07  11  7 83  3.40 4.32 4.03
   11.76  418  4.81  31 13 57  3.40 4.32 4.03
    7.80 2142 16.31  16 13 71  3.40 4.32 4.03
    7.56   45  0.33  19  9 72  4.25 4.48 4.08
   11.32  164  1.82  15  8 77  4.25 4.48 4.08
              disk0       cpu    load average
    KB/t  tps  MB/s  us sy id   1m   5m   15m
   39.62   28  1.07  11  7 83  3.60 4.16 4.00
   76.64   50  3.73  11  6 84  3.60 4.16 4.00
    0.00    0  0.00  10  5 84  3.60 4.16 4.00
  254.00    2  0.49  11  5 83  3.63 4.16 4.00
   14.25   16  0.22  11  5 84  3.63 4.16 4.00
              disk0       cpu    load average
    KB/t  tps  MB/s  us sy id   1m   5m   15m
   39.63   28  1.07  11  7 83  3.43 4.03 3.97
  256.00    1  0.25  14  7 79  3.43 4.03 3.97
   88.00    3  0.26  15  7 78  3.32 3.99 3.96
    4.00    2  0.01  15  7 78  3.32 3.99 3.96
   95.60   10  0.93  14  7 79  3.32 3.99 3.96
              disk0       cpu    load average
    KB/t  tps  MB/s  us sy id   1m   5m   15m
   39.64   28  1.07  11  7 83  5.35 4.55 4.15
    4.00   15  0.06  16  7 77  5.35 4.55 4.15
    7.17   63  0.44  17  8 75  5.00 4.50 4.14
   13.09   44  0.56  17  8 75  5.00 4.50 4.14
  113.82   11  1.22  17  8 76  5.00 4.50 4.14
              disk0       cpu    load average
    KB/t  tps  MB/s  us sy id   1m   5m   15m
   39.62   28  1.07  11  7 83  4.02 4.13 4.03
    4.00    4  0.02  19  8 72  4.02 4.13 4.03
    4.00    1  0.00  19 10 71  4.02 4.13 4.03
  256.00    1  0.25  16  8 76  4.02 4.13 4.03
   21.33    9  0.19  12  6 82  3.86 4.10 4.02
              disk0       cpu    load average
    KB/t  tps  MB/s  us sy id   1m   5m   15m
   39.62   28  1.07  11  7 82  3.10 3.85 3.94
   10.81  616  6.50  32 14 55  3.10 3.85 3.94
   93.67   96  8.74  25  9 65  3.10 3.85 3.94
    4.00   43  0.17  15  7 78  3.09 3.84 3.93
   10.24   25  0.25  15  7 78  3.09 3.84 3.93
              disk0       cpu    load average
    KB/t  tps  MB/s  us sy id   1m   5m   15m
   39.74   28  1.08  11  7 82  2.65 3.85 4.13
   41.23   26  1.04  10  8 82  2.65 3.85 4.13
  217.71    7  1.48  11  8 81  3.32 3.97 4.17
   53.60    5  0.26   8  6 86  3.32 3.97 4.17
    4.00    1  0.00   8  5 87  3.32 3.97 4.17
              disk0       cpu    load average
    KB/t  tps  MB/s  us sy id   1m   5m   15m
   39.75   28  1.08  11  7 82  2.77 3.63 4.01
   66.00    4  0.26   4  2 94  2.79 3.62 4.00
    0.00    0  0.00   6  4 89  2.79 3.62 4.00
  233.00   12  2.72   5  5 90  2.79 3.62 4.00
   62.29    7  0.42   4  4 91  2.79 3.62 4.00
              disk0       cpu    load average
    KB/t  tps  MB/s  us sy id   1m   5m   15m
   39.75   28  1.08  11  7 82  2.52 3.46 3.93
  256.00    1  0.25   3  2 94  2.52 3.46 3.93
  162.00    8  1.26   7  3 90  2.52 3.46 3.93
   30.91   11  0.33   3  3 94  2.52 3.46 3.93
  256.00    1  0.25   4  3 93  2.32 3.40 3.91
              disk0       cpu    load average
    KB/t  tps  MB/s  us sy id   1m   5m   15m
   39.75   28  1.08  11  7 82  2.82 3.35 3.86
   28.33   24  0.66   5  5 90  2.82 3.35 3.86
  256.00   15  3.73   5  4 90  2.82 3.35 3.86
  256.00    2  0.50   5  5 90  2.82 3.35 3.86
    4.00    5  0.02   4  4 91  2.82 3.35 3.86
              disk0       cpu    load average
    KB/t  tps  MB/s  us sy id   1m   5m   15m
   39.75   28  1.08  11  7 82  2.84 3.19 3.72
  193.00    4  0.75   4  3 93  2.84 3.19 3.72
    0.00    0  0.00   4  2 94  2.84 3.19 3.72
    0.00    0  0.00   4  2 94  2.61 3.13 3.70
   30.00    6  0.17   4  3 93  2.61 3.13 3.70
              disk0       cpu    load average
    KB/t  tps  MB/s  us sy id   1m   5m   15m
   39.75   28  1.08  11  7 82  2.94 3.13 3.67
    0.00    0  0.00   3  2 94  2.94 3.13 3.67
    4.00    1  0.00   4  2 94  2.94 3.13 3.67
   86.67    3  0.25   4  3 93  2.94 3.13 3.67
  170.29   14  2.32   7  4 89  2.94 3.13 3.67
              disk0       cpu    load average
    KB/t  tps  MB/s  us sy id   1m   5m   15m
   39.81   28  1.08  11  7 82  2.71 3.21 3.52
  203.45   44  8.70   3  3 94  2.71 3.21 3.52
    0.00    0  0.00   5  2 93  2.57 3.18 3.50
   10.78   23  0.24   4  3 93  2.57 3.18 3.50
    0.00    0  0.00   4  2 94  2.57 3.18 3.50
              disk0       cpu    load average
    KB/t  tps  MB/s  us sy id   1m   5m   15m
   39.84   28  1.08  11  7 82  3.47 3.41 3.53
  162.17   24  3.78   5  3 91  3.35 3.38 3.52
    0.00    0  0.00   3  2 95  3.35 3.38 3.52
    0.00    0  0.00   2  2 96  3.35 3.38 3.52
  130.00    4  0.50   3  2 95  3.35 3.38 3.52
              disk0       cpu    load average
    KB/t  tps  MB/s  us sy id   1m   5m   15m
   39.84   28  1.08  11  7 82  3.70 3.42 3.51
    8.58 1471 12.33  12 18 70  3.70 3.42 3.51
    7.69  689  5.18   9 18 72  3.70 3.42 3.51
   23.16  353  7.99   9 12 79  3.65 3.41 3.51
   30.97   39  1.18   4  3 93  3.65 3.41 3.51
